68
68
69
69
69
70
70
70
70
71
71
72
72
72
73
73
74
74
75
75
75
75
76
76
77
78
78
79
79
80
80
80
81
81
82
82
83
83
84
84
85
86
86
87
87
88
88
89
89
90
91
92
93
93
93
94
95
96
97
97
98
98
99
99
99
98
98
98
98
98
97
97
97
96
95
95
95
95
96
96
97
98
98
98
99
101
102
102
103
104
105
106
106
107
108
110
110
110
110
110
109
108
108
108
107
106
106
106
106
105
105
105
106
107
108
109
110
112
113
114
115
117
118
119
120
120
121
120
120
119
119
118
118
117
117
117
117
116
116
117
117
118
120
121
123
125
128
129
130
131
130
130
130
129
129
128
127
127
127
126
126
126
126
126
128
131
135
138
139
141
140
140
140
140
140
139
138
138
138
138
138
137
137
137
140
148
150
150
150
150
150
150
149
149
148
148
148
148
146
146
146
149
159
159
159
159
159
160
162
160
160
159
159
157
156
156
0
0
0
0
0
0
0
0
0
0
0
0
0
0
0
0
0
0
0
0
0
0
0
0
